0 0.08254328257686676 0.0947265625 0.12007500000000003 0.19
0 0.12232921522693997 0.5030859375 0.16416499999999998 0.701875
0 0.21911834992679352 0.046875 0.07692299999999998 0.094375
0 0.304457411420205 0.4711328125 0.12570399999999998 0.79125
0 0.35063370571010244 0.0419921875 0.06378999999999999 0.084375
0 0.4523076998535871 0.481953125 0.15384599999999993 0.785625
0 0.6329717672035139 0.5107421875 0.10975600000000008 0.74125
0 0.8050977979502196 0.5171875 0.13227000000000003 0.734375
0 0.8164949941434846 0.0654296875 0.09193199999999992 0.131875
0 0.9692455768667642 0.0615234375 0.05909900000000026 0.12375
0 0.9719453191800879 0.55234375 0.053471000000000074 0.6799999999999999
