0 0.5020703125 0.4609375 0.994375 0.5475
0 0.1021875 0.44437533333333334 0.14187499999999997 0.511666
0 0.447890625 0.7920315833333333 0.833125 0.20666599999999993
0 0.2849609375 0.43453091666666666 0.20124999999999998 0.4974999999999999
0 0.4371484375 0.23276075000000004 0.15500000000000003 0.11833299999999995
0 0.45234375 0.4790621666666666 0.14875 0.41166700000000006
0 0.5465625000000001 0.47692675 0.17312500000000003 0.49249999999999994
0 0.6732421875 0.4809895833333333 0.11625000000000008 0.4875
0 0.8112890625 0.4700524166666667 0.20687500000000003 0.483333
0 0.8956640625 0.47312466666666664 0.20625000000000004 0.49000000000000005
