0 0.052734375 0.6405581428571429 0.10565999999999999 0.4873559999999999
0 0.097354125 0.6190476190476191 0.067924 0.4390799999999999
0 0.1760203125 0.609688380952381 0.08868000000000001 0.5632180000000001
0 0.260974125 0.6656404285714286 0.035848999999999964 0.4091949999999999
0 0.33300375 0.649343380952381 0.05660399999999999 0.462069
0 0.39631143750000003 0.6466342857142858 0.062263999999999986 0.5724130000000001
0 0.48421325 0.6435957142857143 0.07169799999999998 0.5287359999999999
0 0.6158905 0.6459766666666666 0.047169999999999934 0.533334
0 0.6678761875 0.6509034761904762 0.05283099999999996 0.554023
0 0.742504875 0.6435137619047621 0.060377000000000125 0.5241379999999999
0 0.7951355 0.5910511904761905 0.047170000000000045 0.6827580000000001
0 0.8660563125 0.6858785238095239 0.05848999999999993 0.4482760000000002
0 0.9397074375 0.6842361428571428 0.062263999999999986 0.48735699999999993
